664411067 664411066 14.252369914180024
664411066 664411067 14.252369914180024
5369293433 6534653263 13.839790879695649
6534653263 5369293433 13.839790879695649
6534653263 664471010 20.091893768418906
664471010 6534653263 20.091893768418906
664471010 664471012 19.34832139113733
664471012 664471010 19.34832139113733
664471012 4648317196 11.082592772881558
4648317196 664471012 11.082592772881558
4648317196 2805286903 14.67174601650539
2805286903 4648317196 14.67174601650539
2805286903 2805286902 26.116229144103144
2805286902 2805286903 26.116229144103144
664411067 664411064 11.110236972579356
664411064 664411067 11.110236972579356
667361824 667361822 20.74396284981174
667361822 667361824 20.74396284981174
667361822 667361820 13.468357191847648
667361820 667361822 13.468357191847648
667361820 667361825 13.456711167597044
667361825 667361820 13.456711167597044
2805286919 5369293466 10.354308946504052
5369293466 2805286919 10.354308946504052
5369293466 8233309729 7.016270754851791
8233309729 5369293466 7.016270754851791
8233309729 8233309805 10.325716836976985
8233309805 8233309729 10.325716836976985
8233309805 9495479296 71.80013101172592
9495479296 8233309805 71.80013101172592
9495479296 9495479297 39.31201911059165
9495479297 9495479296 39.31201911059165
9495479297 9495479298 19.673161888809968
9495479298 9495479297 19.673161888809968
9495479298 667595344 19.001796477166483
667595344 9495479298 19.001796477166483
667595344 7600333266 91.35997651227927
7600333266 667595344 91.35997651227927
664471067 664471036 61.20233279446577
664471036 664471067 61.20233279446577
664471019 664471018 57.73050339111588
664471018 664471019 57.73050339111588
664471018 2735868704 24.733322808163106
2735868704 664471018 24.733322808163106
2735868704 664471017 23.449884278101273
664471017 2735868704 23.449884278101273
664470997 2805286907 17.134654071275133
2805286907 664470997 17.134654071275133
2805286907 2805286906 8.806594004183914
2805286906 2805286907 8.806594004183914
2805286906 2805286905 11.287862755798914
2805286905 2805286906 11.287862755798914
2805286905 2805286904 12.78262042151057
2805286904 2805286905 12.78262042151057
2805286904 664470996 11.191764261927496
664470996 2805286904 11.191764261927496
664470983 664470984 109.2685366086503
664470984 664470983 109.2685366086503
664470984 664470987 83.08620269813652
664470987 664470984 83.08620269813652
664470999 664470998 5.161268230273799
664470998 664470999 5.161268230273799
664470998 5369293434 5.166661302785597
5369293434 664470998 5.166661302785597
5369293434 5369293435 5.163843646298571
5369293435 5369293434 5.163843646298571
5369293435 5369293436 5.159995698402545
5369293436 5369293435 5.159995698402545
5369293436 5369293437 5.17153928851716
5369293437 5369293436 5.17153928851716
5369293437 5369293438 5.157750482246129
5369293438 5369293437 5.157750482246129
5369293438 664470991 5.1664274566232855
664470991 5369293438 5.1664274566232855
664470991 664470995 5.7814318665788065
664470995 664470991 5.7814318665788065
664470995 2805286908 5.776602304527428
2805286908 664470995 5.776602304527428
2805286908 664470994 5.786886613615106
664470994 2805286908 5.786886613615106
664470994 664470993 5.780009875606648
664470993 664470994 5.780009875606648
664470993 5369293429 5.778579886856119
5369293429 664470993 5.778579886856119
5369293429 5369293430 5.77733035386993
5369293430 5369293429 5.77733035386993
5369293430 5369293431 5.782420644515336
5369293431 5369293430 5.782420644515336
5369293431 5369293432 5.777685732466723
5369293432 5369293431 5.777685732466723
5369293432 5369293433 7.684249866244643
5369293433 5369293432 7.684249866244643
5369293433 664470992 9.435052472319738
664470992 5369293433 9.435052472319738
664470992 664470999 5.160451292323105
664470999 664470992 5.160451292323105
5369293470 5369293446 9.53743970346801
5369293446 664471004 7.310922089679199
664471004 664471003 5.715465585303743
664471003 664471002 5.570154917700593
664471002 664411014 4.141423874503257
664471054 664471052 17.954979935007827
664471052 664471054 17.954979935007827
664471052 664471056 6.369941511603937
664471056 664471052 6.369941511603937
5275427436 664471022 52.70559437744039
664471022 5275427436 52.70559437744039
2805478764 664471040 6.248443777018545
664471040 2805478764 6.248443777018545
664471040 2805478765 29.509903270000798
2805478765 664471040 29.509903270000798
2805478765 3128972868 41.759617092750865
3128972868 2805478765 41.759617092750865
3128972868 3128972869 35.62596208294743
3128972869 3128972868 35.62596208294743
3128972869 11694354803 29.702962902156475
11694354803 3128972869 29.702962902156475
11694354803 2805478764 12.054633138490223
2805478764 11694354803 12.054633138490223
664471059 664471056 4.101629800271197
664471056 664471059 4.101629800271197
2805478769 664471059 19.473750804446848
664471059 2805478769 19.473750804446848
664471032 664471029 6.4446067062553185
664471029 664471032 6.4446067062553185
664471029 664471028 12.659300706629251
664471028 664471029 12.659300706629251
664471020 664471021 55.06403853883546
664471021 664471020 55.06403853883546
664471021 664471024 40.11018802786304
664471024 664471021 40.11018802786304
667354376 12343037176 4.144382734189151
12343037176 667354376 4.144382734189151
12343037176 667361837 0.6416358919701302
667361837 12343037176 0.6416358919701302
667361837 12343037168 6.523049894881945
12343037168 667361837 6.523049894881945
12343037168 667354370 0.2582804557255798
667354370 12343037168 0.2582804557255798
667354370 12343037169 7.610181271441852
12343037169 667354370 7.610181271441852
12343037169 667361831 4.86636338542471
667361831 12343037169 4.86636338542471
667361831 667354373 5.337173611540035
667354373 667361831 5.337173611540035
667354373 12343037170 5.330395755290438
12343037170 667354373 5.330395755290438
12343037170 667354374 5.339631794285028
667354374 12343037170 5.339631794285028
667354374 667354371 5.221903189181033
667354371 667354374 5.221903189181033
667354371 12343037171 5.22181060162103
12343037171 667354371 5.22181060162103
12343037171 667361818 5.218078123767748
667361818 12343037171 5.218078123767748
667361818 12343037172 4.791105897419757
12343037172 667361818 4.791105897419757
12343037172 667354369 6.340331185839577
667354369 12343037172 6.340331185839577
667354369 12343037173 1.4930150651326433
12343037173 667354369 1.4930150651326433
12343037173 667361840 2.9918864320908085
667361840 12343037173 2.9918864320908085
667361840 667354372 4.0793421051067
667354372 667361840 4.0793421051067
667354372 12343037174 4.086131430400884
12343037174 667354372 4.086131430400884
12343037174 667361835 4.076955845505678
667361835 12343037174 4.076955845505678
667361835 667354375 4.185087492136789
667354375 667361835 4.185087492136789
667354375 12343037175 4.1847848202956435
12343037175 667354375 4.1847848202956435
12343037175 667361829 4.181343639195853
667361829 12343037175 4.181343639195853
667361829 667354376 4.142660811666494
667354376 667361829 4.142660811666494
667354369 667361822 15.24575174457872
667361822 667354369 15.24575174457872
667354380 667354383 13.241827652968716
667354383 667354380 13.241827652968716
10175422536 10175422537 17.104735330488708
10175422537 10175422536 17.104735330488708
10175422537 10175422532 14.790317852750007
10175422532 10175422537 14.790317852750007
10175422532 667354379 10.696571446446328
667354379 10175422532 10.696571446446328
667354379 10175422533 28.90590700193753
10175422533 667354379 28.90590700193753
10175422533 667354382 37.14207335979655
667354382 10175422533 37.14207335979655
667354382 667595427 9.715537851184115
667595427 667354382 9.715537851184115
667595427 2805245704 5.512558100380962
2805245704 667595427 5.512558100380962
10182223361 667354380 10.610619285491268
667354380 10182223361 10.610619285491268
664411064 667595408 31.039615063828773
667595408 664411064 31.039615063828773
667361849 667361837 17.18518484941126
667361837 667361849 17.18518484941126
667361844 667361859 13.151153484479247
667361859 667361844 13.151153484479247
667361840 667361820 19.64702628794136
667361820 667361840 19.64702628794136
667595404 667361842 18.138384042946356
667361842 667595404 18.138384042946356
667361842 667354370 12.662229819671108
667354370 667361842 12.662229819671108
667361824 667361818 20.24095604366427
667361818 667361824 20.24095604366427
667361848 667361831 17.01128183534551
667361831 667361848 17.01128183534551
667361829 667361827 9.692627738037457
667361827 667361829 9.692627738037457
667361827 13283144789 4.956746981037612
13283144789 667361827 4.956746981037612
13283144789 667361844 4.679193524329475
667361844 13283144789 4.679193524329475
667361846 13283144790 5.893917783837631
13283144790 667361846 5.893917783837631
13283144790 667361833 6.334345123319762
667361833 13283144790 6.334345123319762
667361833 667361835 10.50973117760152
667361835 667361833 10.50973117760152
667361825 667361846 9.787078781033006
667361846 667361825 9.787078781033006
667595408 667595387 75.07566440741826
667595387 667595408 75.07566440741826
667595387 667354374 68.42278008762976
667354374 667595387 68.42278008762976
667595408 2805280201 28.930263976677136
2805280201 667595408 28.930263976677136
2805280201 11694354870 9.280122229193909
11694354870 2805280201 9.280122229193909
11694354870 667361861 17.104969536729122
667361861 11694354870 17.104969536729122
667595381 664411066 9.896973835246481
664411066 667595381 9.896973835246481
664471011 667595311 47.60711836875035
667595311 664471011 47.60711836875035
667595311 10182274670 11.445616085817495
10182274670 5909414415 23.98934989544913
667595319 3132324019 34.18867408244501
3132324019 667595319 34.18867408244501
3132324019 3132324017 89.53592359372321
3132324017 3132324019 89.53592359372321
3132324017 667595311 22.21152118497948
667595311 3132324017 22.21152118497948
667595385 667595387 31.040755696872722
667595387 667595385 31.040755696872722
667595387 667595396 28.879128605031884
667595396 667595387 28.879128605031884
664471071 2805245701 10.596343319333172
2805245701 664471071 10.596343319333172
667595407 9913679891 17.777696285596274
9913679891 667595407 17.777696285596274
9913679891 9913679892 12.12121059503497
9913679892 9913679891 12.12121059503497
9913679892 9913679893 14.98194682175613
9913679893 9913679892 14.98194682175613
9913679893 7205010437 14.69779175788213
7205010437 9913679893 14.69779175788213
7205010437 667595321 11.242558780131755
667595321 7205010437 11.242558780131755
667595321 9913679887 22.118854790328353
9913679887 667595321 22.118854790328353
9913679887 7205010439 25.56536390209364
7205010439 9913679887 25.56536390209364
7205010439 9913679888 28.546052848916275
9913679888 7205010439 28.546052848916275
9913679888 667595323 31.67790715143806
667595323 9913679888 31.67790715143806
2461797359 2461797350 24.739848497107438
2461797350 2461797359 24.739848497107438
2461797359 2461797360 49.17269003530167
2461797360 2461797359 49.17269003530167
4433335517 2461797361 12.579098263047527
2461797361 4433335517 12.579098263047527
2461797361 4433335516 6.683006970629736
4433335516 2461797361 6.683006970629736
4433335516 2461797362 48.913573263871086
2461797362 4433335516 48.913573263871086
4433335514 664471060 66.82430205613119
664471060 4433335514 66.82430205613119
664471008 5369293454 9.864363673299984
5369293454 664471008 9.864363673299984
8233309968 3128972858 89.54381514289037
3128972858 8233309968 89.54381514289037
3128972858 2805249591 100.6384024664473
2805249591 3128972858 100.6384024664473
2490499334 6293657526 9.395976830393389
6293657526 2490499334 9.395976830393389
8233310070 2805254114 95.10014282669593
2805254114 8233310070 95.10014282669593
2805254114 2805238623 150.18279825318982
2805238623 2805254114 150.18279825318982
2805238623 2805238639 39.579191246008456
2805238639 2805238623 39.579191246008456
2805238639 2805238624 157.02226288209684
2805238624 2805238639 157.02226288209684
2490499371 8233309626 11.059346886412271
8233309626 2490499371 11.059346886412271
2490499398 2491744943 57.51061441822865
2491744943 2490499398 57.51061441822865
2491744941 2491744939 62.016358788206205
2491744939 2491744941 62.016358788206205
2734317228 2734322161 124.11782586724671
2734322161 2734317228 124.11782586724671
2734322161 2734317230 108.06572937726528
2734317230 2734322161 108.06572937726528
2734317232 7600328588 51.9169963076751
7600328588 2734317232 51.9169963076751
2734317235 2734322156 123.89100787966987
2734322156 2734317235 123.89100787966987
2734322156 2736005253 68.10217366520862
2736005253 2734322156 68.10217366520862
2736005253 2734317237 42.55427925003079
2734317237 2736005253 42.55427925003079
2734317239 11694354905 60.852547795825515
11694354905 2734317239 60.852547795825515
11694354905 11224950408 13.223420210900873
11224950408 11694354905 13.223420210900873
11224950408 2734317241 5.352968566653498
2734317241 11224950408 5.352968566653498
2734317241 2734317249 33.42444471408279
2734317249 2734317241 33.42444471408279
2734317285 2734317287 34.31241203406809
2734317287 2734317285 34.31241203406809
2734317067 664411037 24.817984598609655
664411037 2734317067 24.817984598609655
4648316674 13283144782 10.763838586938743
13283144782 4648316674 10.763838586938743
13283144782 2735868743 8.77315214048523
2735868743 13283144782 8.77315214048523
2734317299 5275427435 54.43598663785316
5275427435 2734317299 54.43598663785316
11225115363 2734317300 15.073776100857318
2734317300 11225115363 15.073776100857318
2734317300 13280031510 34.149140563527524
13280031510 2734317300 34.149140563527524
2734322156 2734322161 58.54271774569651
2734322161 2734322156 58.54271774569651
2735868708 2735868706 10.442039440587886
2735868706 2735868708 10.442039440587886
2735868706 2735868710 8.926452609272195
2735868710 2735868706 8.926452609272195
2735868708 2735868712 8.160245710061442
2735868712 2735868708 8.160245710061442
2735868710 2735868714 6.39473189595598
2735868714 2735868710 6.39473189595598
2735868719 2735868714 5.730636886436697
2735868714 2735868719 5.730636886436697
2735868721 2735868723 16.950460220416684
2735868723 2735868721 16.950460220416684
2735868723 2735868725 6.710221731515593
2735868725 2735868723 6.710221731515593
2735868728 5274531367 16.783748779361222
5274531367 2735868728 16.783748779361222
5274531367 2735868730 2.4802672204246496
2735868730 5274531367 2.4802672204246496
2735868730 2735868732 17.693674274117896
2735868732 2735868730 17.693674274117896
2735868736 2735868738 29.19732985544754
2735868738 2735868736 29.19732985544754
2735868738 2971091057 4.6712173411903635
2971091057 2735868738 4.6712173411903635
2735898885 2735898887 36.7143878163003
2735898887 2735898885 36.7143878163003
2735898887 2735898890 15.264927097762518
2735898890 2735898887 15.264927097762518
2735898890 2735898892 19.120012207941375
2735898892 2735898890 19.120012207941375
2735898892 2735898895 15.647392600662975
2735898895 2735898892 15.647392600662975
2735898895 2735898898 12.573789799441977
2735898898 2735898895 12.573789799441977
2735898898 2735898901 12.473326750512014
2735898901 2735898898 12.473326750512014
2735898901 2735898903 13.797375030441023
2735898903 2735898901 13.797375030441023
2735898903 2735898906 5.583635345887804
2735898906 2735898903 5.583635345887804
2735898906 2735898909 27.221835199897864
2735898909 2735898906 27.221835199897864
2735898909 2735898911 12.420545876278299
2735898911 2735898909 12.420545876278299
2735898911 2735898914 9.686678998968894
2735898914 2735898911 9.686678998968894
2735898914 2735898917 13.239297274771529
2735898917 2735898914 13.239297274771529
2735898917 2735898920 13.266460647040203
2735898920 2735898917 13.266460647040203
2735898920 2735898921 9.293538702054061
2735898921 2735898920 9.293538702054061
2735898921 2735898924 13.004477737555307
2735898924 2735898921 13.004477737555307
2735898924 2735898927 20.679359037199568
2735898927 2735898924 20.679359037199568
2735898927 2735898929 21.637877703045863
2735898929 2735898927 21.637877703045863
2735898929 2735898932 15.558174352921142
2735898932 2735898929 15.558174352921142
2735898932 2735898935 8.349524779412251
2735898935 2735898932 8.349524779412251
3132324016 2735898937 13.424274620983685
2735898937 3132324016 13.424274620983685
2735898937 2735898939 14.326044542424013
2735898939 2735898937 14.326044542424013
2735898939 2735898942 16.850692902513146
2735898942 2735898939 16.850692902513146
2735898942 2735898944 12.240991287490123
2735898944 2735898942 12.240991287490123
2735898944 2735898947 13.03749045614247
2735898947 2735898944 13.03749045614247
2735898947 2735898950 13.918581106362321
2735898950 2735898947 13.918581106362321
2735898950 2735898952 13.862389028660871
2735898952 2735898950 13.862389028660871
2735898952 2735898954 11.336233615285169
2735898954 2735898952 11.336233615285169
2735898954 2735898958 9.309148527017905
2735898958 2735898954 9.309148527017905
2735898958 2735898960 10.865903509828746
2735898960 2735898958 10.865903509828746
2735898960 2735898963 9.054511829571112
2735898963 2735898960 9.054511829571112
2735898963 2735898966 10.112840900625136
2735898966 2735898963 10.112840900625136
2735898966 2735898968 3.7420372233095245
2735898968 2735898966 3.7420372233095245
2735898968 2735898970 16.361771469562626
2735898970 2735898968 16.361771469562626
2735898970 2735898973 11.747133242247246
2735898973 2735898970 11.747133242247246
2735898973 2735898976 8.367461650614128
2735898976 2735898973 8.367461650614128
2735898976 10182274676 5.40200517950591
10182274676 2735898976 5.40200517950591
5369293471 664471008 7.3482101521827
664471008 5369293471 7.3482101521827
2735979125 2735979141 21.73334436158546
2735979141 2735979125 21.73334436158546
2735979141 2735979145 15.433479951203022
2735979145 2735979141 15.433479951203022
2805238623 2805249593 66.49501612659151
2805249593 2805238623 66.49501612659151
2805249593 3128972854 65.12421225296958
3128972854 2805249593 65.12421225296958
3128972854 2805238630 60.637475565225806
2805238630 3128972854 60.637475565225806
2490499331 6293656913 10.77537176887072
6293656913 2490499331 10.77537176887072
2805238624 2805249592 66.88454370773086
2805249592 2805238624 66.88454370773086
2805249592 2805238625 44.78325021356522
2805238625 2805249592 44.78325021356522
2805238625 8233309684 11.632835929451842
8233309684 2805238625 11.632835929451842
8233309684 2805238631 10.918759949050692
2805238631 8233309684 10.918759949050692
2805238631 2805238626 17.636981457369405
2805238626 2805238631 17.636981457369405
2805238626 8233309685 12.56846308252117
8233309685 2805238626 12.56846308252117
8233309685 2805238627 13.87838397700711
2805238627 8233309685 13.87838397700711
2805238627 8233309686 14.987988371362725
8233309686 2805238627 14.987988371362725
8233309686 2805238628 17.120064858723214
2805238628 8233309686 17.120064858723214
2805238628 8233309687 16.383835616521033
8233309687 2805238628 16.383835616521033
8233309687 2805238629 15.326908643088858
2805238629 8233309687 15.326908643088858
5909462893 5909461084 13.19164379925248
5909461084 5909462893 13.19164379925248
2805238636 8233309969 11.664989096410752
8233309969 2805238636 11.664989096410752
2805249575 2805238637 35.127401624259385
2805238637 2805249575 35.127401624259385
2805238639 2805238640 23.829151260615532
2805238640 2805238639 23.829151260615532
2805238640 2805238641 35.30253505844101
2805238641 2805238640 35.30253505844101
2805238641 2805238642 29.96085150653976
2805238642 2805238641 29.96085150653976
2805238642 2805238643 32.320806205424965
2805238643 2805238642 32.320806205424965
2805238643 2805238644 31.21365062548691
2805238644 2805238643 31.21365062548691
2805238644 2805238645 32.40382305403611
2805238645 2805238644 32.40382305403611
13279987098 13279987099 8.413394692483447
13279987099 13279987098 8.413394692483447
13279987099 2805245705 6.203244706958512
2805245705 13279987099 6.203244706958512
2805245705 13279987100 6.4991096145053024
13279987100 2805245705 6.4991096145053024
13279987100 667361861 5.9313026638595465
667361861 13279987100 5.9313026638595465
3128972861 2805238636 9.386461129355595
2805238636 3128972861 9.386461129355595
3128972858 3128972859 66.67606300633427
3128972859 3128972858 66.67606300633427
6293631965 2490499361 8.888600753598489
2490499361 6293631965 8.888600753598489
2805249577 2805249578 67.36046345882978
2805249578 2805249577 67.36046345882978
2805249578 2805249579 100.50626171365104
2805249579 2805249578 100.50626171365104
2805249587 2805249588 51.45958878007795
2805249588 2805249587 51.45958878007795
2805249588 2805249582 54.575292211759496
2805249582 2805249588 54.575292211759496
6293631967 2805249584 11.094437952727786
2805249584 6293631967 11.094437952727786
2805249585 2805249589 55.942747981550525
2805249589 2805249585 55.942747981550525
2805249589 2805249586 55.53041087109681
2805249586 2805249589 55.53041087109681
5369293473 2805249590 8.292744018282578
2805249590 5369293473 8.292744018282578
2805249590 5369293452 7.735928846170671
5369293452 2805249590 7.735928846170671
2805249579 2805249580 70.6460056232017
2805249580 2805249579 70.6460056232017
2805249580 2805249581 68.34194117291085
2805249581 2805249580 68.34194117291085
2805249592 2805249593 196.52114838032935
2805249593 2805249592 196.52114838032935
2805254120 2805254121 59.87810868695158
2805254121 2805254120 59.87810868695158
2805280201 667595396 74.84718231518518
667595396 2805280201 74.84718231518518
667361848 667595398 13.358056931679103
667595398 667361848 13.358056931679103
667595398 667361842 7.476298324893051
667361842 667595398 7.476298324893051
667361842 667361849 12.994750413834652
667361849 667361842 12.994750413834652
667361849 667361859 12.942145882923175
667361859 667361849 12.942145882923175
2805286917 2805286918 155.30714138497396
2805286918 2805286917 155.30714138497396
2805286919 5369293462 9.168419139299104
5369293462 2805286919 9.168419139299104
2805286920 2805286921 89.84375831383826
2805286921 2805286920 89.84375831383826
2805286921 2805286922 38.01335601329881
2805286922 2805286921 38.01335601329881
2805286922 2805286923 40.05940525509605
2805286923 2805286922 40.05940525509605
2805286923 2805286924 75.16173098184986
2805286924 2805286923 75.16173098184986
2805286924 2805286925 75.65805459911708
2805286925 2805286924 75.65805459911708
2805286925 2805286931 79.61669142001223
2805286931 2805286925 79.61669142001223
2805286931 2805286932 31.639270971990413
2805286932 2805286931 31.639270971990413
2805286932 2805286933 10.116901547962179
2805286933 2805286932 10.116901547962179
2805286933 2805286934 18.015021661696018
2805286934 2805286933 18.015021661696018
2805286934 2805238645 39.44090425040315
2805238645 2805286934 39.44090425040315
2805254124 2490499344 99.67119812770066
2490499344 2805254124 99.67119812770066
2490499353 2490499388 154.7148480921009
2490499388 2490499353 154.7148480921009
11730600628 2490499403 13.33309069090556
2490499403 11730600628 13.33309069090556
2490499403 2490499409 13.672947195504978
2490499409 2490499403 13.672947195504978
2490499409 1021841320 12.547223350156395
1021841320 2490499409 12.547223350156395
1021841320 4433330542 30.41771830214474
4433330542 1021841320 30.41771830214474
4433330542 7632760856 49.145234338403256
7632760856 4433330542 49.145234338403256
7632760856 4452134080 129.28513648811125
4452134080 7632760856 129.28513648811125
4452134080 1021841321 12.705124506036642
1021841321 4452134080 12.705124506036642
3803089049 1021841322 11.165262678585108
1021841322 3803089049 11.165262678585108
3128972869 3128972865 35.0096838599105
3128972865 3128972869 35.0096838599105
3128972865 3128972866 35.62365676211437
3128972866 3128972865 35.62365676211437
3128972866 2805478769 10.57512869561798
2805478769 3128972866 10.57512869561798
2805478769 3128972868 23.539972024831933
3128972868 2805478769 23.539972024831933
667595405 4648316603 9.958525587646303
4648316603 667595405 9.958525587646303
4648316603 3803089056 199.2877651454632
3803089056 4648316603 199.2877651454632
3803089056 10173220067 4.466941466261006
10173220067 3803089056 4.466941466261006
10173220067 5909414414 34.472769595619475
5909414414 10173220067 34.472769595619475
5909414414 10175422528 11.18710929264491
10175422528 5909414414 11.18710929264491
10175422528 10175422527 11.318664927996291
10175422527 10175422528 11.318664927996291
10175422527 3803089757 9.803612502976854
3803089757 10175422527 9.803612502976854
10182223361 4648316671 15.790432479999826
4648316671 10182223361 15.790432479999826
4648316671 4648316670 20.091483932185287
4648316670 4648316671 20.091483932185287
4648316670 4648316669 34.598369048539894
4648316669 4648316670 34.598369048539894
4648316669 4648316668 11.343800661498888
4648316668 4648316669 11.343800661498888
4648316668 12442718259 4.555202734873897
12442718259 4648316668 4.555202734873897
12442718259 4648316667 14.67692821673241
4648316667 12442718259 14.67692821673241
4648316667 4648316666 29.795944954340168
4648316666 4648316667 29.795944954340168
4648316666 4648316665 18.36650665037707
4648316665 4648316666 18.36650665037707
4648316665 4648316664 16.34391816792632
4648316664 4648316665 16.34391816792632
4648316664 4648316663 29.25328804085873
4648316663 4648316664 29.25328804085873
4648316663 4648316662 15.548816431209508
4648316662 4648316663 15.548816431209508
4648316662 4648316661 19.488487328550008
4648316661 4648316662 19.488487328550008
4648316661 4648316660 12.085089795069793
4648316660 4648316661 12.085089795069793
4648316660 4648316659 11.734806485510555
4648316659 4648316660 11.734806485510555
4648316659 4648316658 9.940257530918952
4648316658 4648316659 9.940257530918952
4648316658 4648316657 21.968511171081964
4648316657 4648316658 21.968511171081964
4648316657 4648316656 19.037919983885846
4648316656 4648316657 19.037919983885846
4648316656 4648316655 25.15379778018431
4648316655 4648316656 25.15379778018431
4648316655 4648316654 16.30929686227206
4648316654 4648316655 16.30929686227206
4648316654 4648316653 33.033297728672444
4648316653 4648316654 33.033297728672444
4648316653 4648316652 11.423335305433309
4648316652 4648316653 11.423335305433309
4648316652 4648316651 19.773793796710816
4648316651 4648316652 19.773793796710816
4648316651 4648316650 26.9242568638284
4648316650 4648316651 26.9242568638284
4648316650 4648316649 19.075359900967136
4648316649 4648316650 19.075359900967136
4648316649 4648316648 22.782206095726778
4648316648 4648316649 22.782206095726778
4648316648 4648316647 7.83397263382454
4648316647 4648316648 7.83397263382454
4648316647 4648316646 29.876780102635944
4648316646 4648316647 29.876780102635944
4648316646 4648316645 28.89050643679577
4648316645 4648316646 28.89050643679577
4648316645 4648316644 28.275303614720848
4648316644 4648316645 28.275303614720848
4648316644 4648316643 35.3003304911845
4648316643 4648316644 35.3003304911845
4648316643 4648316642 16.777893331955198
4648316642 4648316643 16.777893331955198
4648316642 4648316641 24.021329022812925
4648316641 4648316642 24.021329022812925
4648316641 4648316640 30.54068890912528
4648316640 4648316641 30.54068890912528
4648316640 4648316639 24.722082622592502
4648316639 4648316640 24.722082622592502
4648316639 4648316638 20.495431430243475
4648316638 4648316639 20.495431430243475
4648316638 4648316637 20.231227726466493
4648316637 4648316638 20.231227726466493
4648316637 4648316636 35.385975303169026
4648316636 4648316637 35.385975303169026
4648316636 4648316635 48.10251878147315
4648316635 4648316636 48.10251878147315
4648316635 4648316634 23.278137105228765
4648316634 4648316635 23.278137105228765
4648316634 4648316633 22.038481792390538
4648316633 4648316634 22.038481792390538
4648316633 4648316632 33.87147293480839
4648316632 4648316633 33.87147293480839
4648316632 4648316631 26.894415439918152
4648316631 4648316632 26.894415439918152
4648316631 4648316630 14.584033741486266
4648316630 4648316631 14.584033741486266
4648316630 4648316629 15.700544127243454
4648316629 4648316630 15.700544127243454
4648316629 4648316628 17.391911412163225
4648316628 4648316629 17.391911412163225
4648316628 4648316627 19.537905320581306
4648316627 4648316628 19.537905320581306
4648316627 4648316626 19.95324274918829
4648316626 4648316627 19.95324274918829
4648316626 4648316625 21.300561175158315
4648316625 4648316626 21.300561175158315
4648316625 4648316624 22.74618333960425
4648316624 4648316625 22.74618333960425
4648316624 4648316623 15.292724630841066
4648316623 4648316624 15.292724630841066
4648316623 4648316622 22.0849043455904
4648316622 4648316623 22.0849043455904
4648316622 4648316621 17.48928954010081
4648316621 4648316622 17.48928954010081
4648316621 4648316620 18.962132581782335
4648316620 4648316621 18.962132581782335
4648316620 4648316619 29.466729430527028
4648316619 4648316620 29.466729430527028
4648316619 4648316618 28.12246437802878
4648316618 4648316619 28.12246437802878
4648316618 4648316617 18.851540172742276
4648316617 4648316618 18.851540172742276
4648316617 4648316616 20.767073086770974
4648316616 4648316617 20.767073086770974
4648316616 4648316615 16.131954156267664
4648316615 4648316616 16.131954156267664
4648316615 4648316614 26.090885638366398
4648316614 4648316615 26.090885638366398
4648316614 12442718249 31.132544932362617
12442718249 4648316614 31.132544932362617
12442718249 4648316613 5.8871868093101885
4648316613 12442718249 5.8871868093101885
4648316613 4648316612 12.219039532454616
4648316612 4648316613 12.219039532454616
4648316612 4648316611 14.591436168850313
4648316611 4648316612 14.591436168850313
4648316611 4648316610 49.46902896317062
4648316610 4648316611 49.46902896317062
4648316610 4648316609 31.26882774614992
4648316609 4648316610 31.26882774614992
4648316609 4648316608 35.777264767801036
4648316608 4648316609 35.777264767801036
4648316608 4648316607 32.03687138896425
4648316607 4648316608 32.03687138896425
4648316607 4648316606 22.615571512779848
4648316606 4648316607 22.615571512779848
4648316606 4648316605 9.492091608985026
4648316605 4648316606 9.492091608985026
4648316605 4648316604 18.33831364429577
4648316604 4648316605 18.33831364429577
4648316604 4648316603 12.700464781346954
4648316603 4648316604 12.700464781346954
4648317196 4648317195 21.57950485457577
4648317195 4648317196 21.57950485457577
4648317195 4648317194 36.80135900756421
4648317194 4648317195 36.80135900756421
4648317194 4648317193 38.918071498933486
4648317193 4648317194 38.918071498933486
2805286919 8233309807 19.47323887220418
8233309807 2805286919 19.47323887220418
8233309755 664411025 11.622820156531938
664411025 8233309755 11.622820156531938
664411025 8233309756 20.763302137770765
8233309756 664411025 20.763302137770765
664411020 8233309719 18.96097993443476
8233309719 664411020 18.96097993443476
8233292298 5909462896 26.334462681335594
5909462896 8233292298 26.334462681335594
5274531363 5274531365 66.79711743791975
5274531365 5274531363 66.79711743791975
5274531365 5274531366 25.728191073014514
5274531366 5274531365 25.728191073014514
5274531366 2734317241 35.94123871915189
2734317241 5274531366 35.94123871915189
5275427437 5275427438 75.79853671203988
5275427438 5275427437 75.79853671203988
5275427439 5275427441 14.227411185344753
5275427441 5275427439 14.227411185344753
2805238635 5369293427 9.872725752126085
5369293427 2805238635 9.872725752126085
5369293427 5909414397 63.15523938769823
5909414397 5369293427 63.15523938769823
5909414397 5369293428 64.44462143631121
5369293428 5909414397 64.44462143631121
5369293449 5369293450 62.703423112201655
5369293450 5369293449 62.703423112201655
5909461082 8233292302 26.55489403443758
8233309768 5369293454 11.508735983998342
8233310116 5369293452 7.488559596392927
5369293452 8233310111 12.719848215160127
7503776704 2490499411 13.754099416853963
5369293462 9495479299 20.99323991157499
5369293463 9497902325 20.74222927812358
5369293470 5909461080 30.335043618714266
5909461080 8233292299 21.54253979746246
8233309720 9502288015 18.888785596291417
5369293475 5369293468 32.455909383516854
5369293474 9485437226 11.61389393445691
8233309811 5369293466 21.259644472793145
2490499411 5369293472 13.308193919719178
8233310113 5369293473 11.783222385010008
5369293473 8233310118 8.470942197535054
8233309775 5369293471 11.83689376750705
664411025 5369293474 10.758593351265825
5369293474 664411025 10.758593351265825
664470985 2805286918 64.99112781739974
2805286918 664470985 64.99112781739974
2805286918 8233309752 76.79154374426534
8233309752 2805286918 76.79154374426534
8233309752 664470987 4.582168378144541
664470987 8233309752 4.582168378144541
6293675150 664470980 10.12987833112219
664470980 6293675150 10.12987833112219
2805249569 664411027 12.78179453965825
664411027 2805249569 12.78179453965825
8233309727 5369293457 23.444696437357674
5369293457 8233309727 23.444696437357674
5369293457 664411020 8.230061620925895
664411020 5369293457 8.230061620925895
664411020 9502288015 8.747013205355724
9502288015 664411020 8.747013205355724
667595366 667595370 22.800526151644206
667595370 667595366 22.800526151644206
667595370 664411037 21.818775666312135
664411037 667595370 21.818775666312135
7600277780 5909461078 5.080064061646909
5909461078 7600277780 5.080064061646909
2734317299 7204115336 28.93720040554925
7204115336 2734317299 28.93720040554925
7204115336 664471022 63.36290429233757
664471022 7204115336 63.36290429233757
664471022 3128972864 18.251879083174135
3128972864 664471022 18.251879083174135
3128972864 664471032 16.82032520120141
664471032 3128972864 16.82032520120141
664471032 667595356 123.3407621900799
667595356 664471032 123.3407621900799
667595356 2851158323 19.623236895211477
2851158323 667595356 19.623236895211477
2735898883 667595319 17.155893177116255
667595319 2735898883 17.155893177116255
5909414408 11224950402 17.496693950421577
11224950402 5909414408 17.496693950421577
5909414412 5909414411 33.67741096145053
5909414411 5909414412 33.67741096145053
5909414411 5909414410 19.651935621615593
5909414410 5909414411 19.651935621615593
5909414410 5909414409 10.51423744121066
5909414409 5909414410 10.51423744121066
5909414409 5274531367 9.90953551916283
5274531367 5909414409 9.90953551916283
4648316674 5909461077 26.55762102350576
5909461077 4648316674 26.55762102350576
13283144779 5909461079 5.651857040598071
5909461079 13283144779 5.651857040598071
5909461079 5909461078 30.721538583180983
5909461078 5909461079 30.721538583180983
6293661091 5909462888 9.751795066915632
5909462888 8233309639 16.356773709360272
8233309639 8233309905 39.37412484412593
8233309905 5909462887 6.693934584009749
5909462887 8233309907 8.072751674318473
8233309913 5909462886 11.75330374620489
5909462886 8233309915 11.219568098394422
8233309926 5909462885 16.823792401589476
667595315 5369293442 8.17093024481933
5369293442 5369293441 4.093863003624912
5369293441 5369293440 4.000648931216326
5369293440 5369293439 4.694648548434502
5369293439 664471007 5.605073642171001
664471007 5909461080 10.782012776074827
5909462899 5909462898 10.596408929167907
5909462898 5909462899 10.596408929167907
5909462905 11224950406 13.697661816109163
11224950406 5909462905 13.697661816109163
4648316677 4648316676 13.841592031143712
4648316676 4648316677 13.841592031143712
4648316676 13283144783 16.705040662432044
13283144783 4648316676 16.705040662432044
13283144783 4648316675 11.070287630395686
4648316675 13283144783 11.070287630395686
4648316675 13283144782 19.93036121748998
13283144782 4648316675 19.93036121748998
2490499411 6293631964 27.128939546919643
6293631963 6293631965 16.172370063459727
2490499336 2805249584 56.898885865758274
2805249584 2490499361 170.71620171488036
8233292292 2490499411 27.84595056796064
5909462892 8233309925 16.81409487836468
8233309914 5909462891 11.308741800853795
5909462891 8233309912 11.986969109570827
8233309912 8233309906 39.474625350183956
8233309906 5909462890 7.950541800883713
5909462890 8233309904 6.716243183589046
8233309638 5909462889 16.646033440801986
5909462889 6293658338 9.785238489328131
5909461082 7503776686 10.642720946335965
664470983 664470985 69.70985148658411
664470985 664470983 69.70985148658411
664470985 664470981 153.3215236512502
664470981 664470985 153.3215236512502
664470981 2805286917 60.0056598423107
2805286917 664470981 60.0056598423107
4433325901 9495479307 14.060634365299613
9495479307 4433325901 14.060634365299613
9495479307 664470982 13.349047992144783
664470982 9495479307 13.349047992144783
664470982 9495479306 6.218276141250377
9495479306 664470982 6.218276141250377
9495479306 9495479305 6.530968592941208
9495479305 9495479306 6.530968592941208
9495479305 9495479304 12.412760710521797
9495479304 9495479305 12.412760710521797
5369293463 664411025 7.621540415400448
664411025 5369293463 7.621540415400448
6293678838 6293678843 17.181560322314034
6293678843 6293678844 17.259092699330584
6293678844 6293678849 22.665224596529843
6293678849 6293678839 25.273430353502686
6293678839 6293678846 23.078755644850933
6293678846 6293678847 30.035919136114668
6293678847 6293678842 23.27445418514084
6293678842 6293678848 25.599827819586118
6293678848 6293678841 25.117665748832554
6293678841 6293678845 24.580487774062362
6293658338 6293661091 13.302195418156403
3128972856 2805254119 67.48670198493066
2805254119 3128972856 67.48670198493066
2805254116 3128972855 67.2847920783392
3128972855 2805254116 67.2847920783392
3128972855 2805254117 60.21310966256957
2805254117 3128972855 60.21310966256957
5369293449 2805254118 92.43148847367637
2805254118 5369293449 92.43148847367637
2805254118 3128972856 59.712566481929805
3128972856 2805254118 59.712566481929805
5909462890 5909462887 13.006596159705103
5909462887 5909462890 13.006596159705103
5909462891 5909462886 12.74129641092311
5909462886 5909462891 12.74129641092311
7204115336 7204115335 17.803925522506635
7204115335 7204115336 17.803925522506635
5369293471 8233309770 14.288793614304511
8233292304 5369293470 20.522940217367104
7600328602 9052206264 2.9883472371251987
9052206264 7600328602 2.9883472371251987
9052206264 11694354897 40.84931615526754
11694354897 9052206264 40.84931615526754
11694354897 9052206260 34.64230600094682
9052206260 11694354897 34.64230600094682
9052206260 9913839712 130.20657970434573
9913839712 9052206260 130.20657970434573
7503776686 8233292303 21.467486123566584
8233292303 7503776686 21.467486123566584
8233309769 664471008 14.49064087601831
664471008 8233309769 14.49064087601831
664471008 8233309774 12.97622814240929
8233309774 664471008 12.97622814240929
8233310117 2805249590 8.12510276370315
2805249590 8233310117 8.12510276370315
2805249590 8233310112 12.111092249171572
8233310112 2805249590 12.111092249171572
664411014 10303934599 4.839625045918107
10303934599 667595315 5.058934016128483
5369293457 8233309718 20.16523230504777
7503776686 5369293470 10.101430963058974
5909462896 7503776686 25.23374515383238
7503776686 5909462896 25.23374515383238
7600277781 7600277780 32.115706050627296
7600277780 7600277781 32.115706050627296
7600277782 7600277783 33.466232771358534
7600277783 7600277782 33.466232771358534
13279987082 7600277784 13.169021484729955
7600277784 13279987082 13.169021484729955
7600328587 7600328588 60.407342094190824
7600328588 7600328587 60.407342094190824
7600328602 7600328606 21.688603436682836
7600328606 7600328602 21.688603436682836
2461797364 11730702956 6.761409656174663
11730702956 2461797364 6.761409656174663
11730702956 7600333245 36.34308978460717
7600333245 11730702956 36.34308978460717
7600333245 11730702955 21.51843344763015
11730702955 7600333245 21.51843344763015
11730702955 7600333246 20.036218779342455
7600333246 11730702955 20.036218779342455
7600333246 7600333247 56.32773140409661
7600333247 7600333246 56.32773140409661
7600333247 7600333248 69.37978271357443
7600333248 7600333247 69.37978271357443
7600333248 7600333265 38.15608487371971
7600333265 7600333248 38.15608487371971
7600333265 7600333249 8.405147630848681
7600333249 7600333265 8.405147630848681
7600333249 7600333250 13.85174097911512
7600333250 7600333249 13.85174097911512
